

size: 10
ascending
16.876880	0.112370	0.071200	0.062720	0.045630	
descending
3.686760	0.071370	0.050280	0.052160	0.052630	
random
1.759080	0.067310	0.067350	0.065870	0.055120	

size: 16
ascending
0.080800	0.112060	0.183380	0.074740	0.067080	
descending
0.094600	0.113650	0.076270	0.110330	0.072440	
random
0.097080	0.080310	0.121980	0.088760	0.133210	

size: 32
ascending
0.125100	0.116180	0.182720	0.116640	0.159710	
descending
0.137120	0.218110	0.120840	0.209530	0.116990	
random
0.169600	0.246200	0.157450	0.165960	0.222460	

size: 64
ascending
0.226170	0.365970	0.222350	0.289360	0.315560	
descending
0.239550	0.409740	0.234470	0.247440	0.261400	
random
0.316890	0.401320	0.364970	0.310510	0.308100	

size: 128
ascending
0.480720	0.481830	0.469900	0.507350	0.435730	
descending
0.469170	0.535150	0.462530	0.465300	0.461540	
random
0.642010	0.623310	0.617990	1.589950	1.666490	

size: 256
ascending
1.783810	1.319530	2.149110	2.096610	2.317080	
descending
2.295360	2.344530	2.339420	3.839490	2.377000	
random
2.935200	3.015740	3.079470	2.963420	2.427980	

size: 512
ascending
3.791270	3.690910	3.418730	1.793120	1.789110	
descending
1.918610	1.933400	1.898770	1.925790	2.228700	
random
2.870370	2.640950	2.867010	2.646500	2.623670	

size: 1024
ascending
3.789910	3.757200	3.768340	3.752600	3.713140	
descending
3.836900	3.819350	3.894810	3.934320	3.882210	
random
5.639240	5.632860	6.167170	5.526260	5.642330	

size: 2048
ascending
7.733930	7.801420	7.967320	7.702920	7.808170	
descending
8.029390	8.020960	8.783290	8.326960	7.960430	
random
11.928070	11.609100	12.025580	11.722660	11.845200	

size: 4096
ascending
22.476490	15.731860	15.566590	15.382100	15.349980	
descending
16.758160	16.352480	16.176630	16.416500	16.265920	
random
24.400800	24.211840	24.171550	24.605810	24.284700	

size: 8192
ascending
32.623100	33.369560	31.954780	32.526920	32.815430	
descending
33.026610	33.271970	33.908220	34.596040	33.824600	
random
51.429790	75.000370	51.262750	50.399250	50.803080	

size: 16384
ascending
66.001870	64.658020	64.280090	64.526410	64.986010	
descending
67.454070	67.059480	67.392890	66.338250	67.377250	
random
105.791020	123.127010	103.693960	105.805150	103.151900	

size: 32768
ascending
132.406690	131.984690	132.852140	131.728710	148.832010	
descending
138.807800	138.727460	137.120780	137.325800	137.697350	
random
216.486980	237.377200	216.867110	216.986620	220.685310	

size: 65536
ascending
275.123130	293.734180	274.024030	273.422460	276.628790	
descending
305.200440	286.139170	285.225860	287.779770	305.167240	
random
461.842130	458.784770	459.522760	454.485870	477.120450	

size: 13072
ascending
51.327080	50.752480	52.321790	52.430990	51.005110	
descending
54.060430	52.999670	53.382580	53.726200	53.308740	
random
83.207450	82.868960	81.591800	82.812330	83.592630	

size: 262144
ascending
1165.156540	1162.088850	1162.859290	1160.987360	1158.740650	
descending
1191.111710	1192.645350	1208.005890	1207.225300	1206.433690	
random
1977.073600	1948.804960	1975.287920	1956.859690	1935.934610	

size: 524288
ascending
2393.917360	2599.397700	2526.238770	2458.548110	2439.564690	
descending
2586.155990	2547.105460	2604.200600	2531.150270	2526.886100	
random
4087.947200	4062.026430	4060.374550	4097.745340	4097.868950	